Tiempo, warmup, velocidad autos, velocidad buses, transportadas auto, transportadas buses
3853.75, 253.62, 3.9443, 3.7905, 3091, 8454
3973.75, 373.62, 4.0874, 3.8464, 2964, 8685
3914.25, 314.12, 3.8601, 3.6113, 3083, 8166
3871.00, 270.88, 3.8295, 3.5840, 3085, 8024
4030.25, 430.12, 4.2326, 3.8971, 2860, 8229
3850.50, 250.38, 4.0029, 3.7020, 2987, 7806
3971.00, 370.88, 3.8299, 3.6863, 3149, 8570
3850.00, 249.88, 4.0269, 3.6938, 3097, 8227
3910.25, 310.12, 4.1145, 3.7039, 2999, 8498
3850.00, 249.88, 4.2383, 3.8236, 2996, 7890
3914.00, 313.88, 3.9149, 3.5714, 3060, 7803
3850.25, 250.12, 4.0598, 3.8724, 2974, 7958
3970.00, 369.88, 4.1063, 3.8277, 3008, 8407
3853.75, 253.62, 3.9951, 3.6933, 3036, 8134
3850.00, 249.88, 3.8809, 3.7344, 3115, 8077
4089.75, 489.62, 4.0179, 3.6153, 3063, 8363
3850.25, 250.12, 4.1294, 3.7551, 3044, 7326
3970.25, 370.12, 4.1042, 3.9109, 2951, 7844
3908.75, 308.62, 4.0689, 3.6794, 2988, 8412
3970.25, 370.12, 3.9715, 3.7100, 3048, 8283
3871.00, 270.88, 3.9391, 3.6951, 3093, 7922
3850.00, 249.88, 4.1043, 3.7456, 3051, 7949
3791.75, 191.62, 4.1831, 3.8024, 2919, 8040
3851.50, 251.38, 4.0648, 3.8329, 2998, 7807
3850.25, 250.12, 3.8427, 3.6339, 3057, 8002
3849.75, 249.62, 4.0415, 3.8263, 3025, 8137
3850.00, 249.88, 4.0052, 3.7036, 2947, 8083
3970.00, 369.88, 3.6899, 3.5526, 3115, 7862
3910.00, 309.88, 3.9256, 3.5889, 3122, 7693
3925.00, 324.88, 3.9690, 3.8016, 3046, 7972
3910.25, 310.12, 3.9846, 3.7408, 3001, 7814
3850.50, 250.38, 3.8912, 3.7371, 2973, 8062
3853.50, 253.38, 3.8969, 3.5951, 3117, 8283
3910.25, 310.12, 3.8479, 3.6195, 3133, 8295
