Tiempo, warmup, velocidad autos, velocidad buses, transportadas auto, transportadas buses
3856.75, 256.62, 3.9433, 5.1333, 3088, 7487
3858.50, 258.38, 3.8783, 5.0427, 2990, 8518
3871.00, 270.88, 3.9268, 5.1290, 3075, 8747
3857.25, 257.12, 3.5795, 4.9893, 3148, 8568
3917.00, 316.88, 3.9654, 5.0800, 2989, 7855
3803.25, 203.12, 3.9903, 5.3101, 3056, 7196
3976.75, 376.62, 4.0222, 5.1607, 3013, 8329
3917.50, 317.38, 3.9691, 5.0773, 3048, 8235
3856.75, 256.62, 3.6627, 5.1221, 3028, 8246
3857.00, 256.88, 3.4300, 5.1324, 3008, 8517
3857.00, 256.88, 3.9046, 5.1438, 2984, 8419
3857.00, 256.88, 3.6865, 5.1699, 3133, 8750
3860.50, 260.38, 3.5690, 5.1895, 3056, 8026
3977.25, 377.12, 4.2910, 5.1072, 2900, 7753
3859.25, 259.12, 3.5675, 5.3021, 3036, 8208
3857.00, 256.88, 4.1705, 5.0957, 2965, 8208
3850.00, 249.88, 3.8517, 5.1421, 3023, 8627
3797.00, 196.88, 3.7341, 5.1185, 3066, 8151
3850.25, 250.12, 4.0364, 5.1149, 2967, 7967
3857.00, 256.88, 3.8119, 5.1164, 2989, 7565
3857.75, 257.62, 3.6536, 5.1829, 3050, 7910
4037.75, 437.62, 3.7671, 5.2088, 2976, 8260
3917.00, 316.88, 3.5235, 5.1718, 3010, 7944
3857.00, 256.88, 3.7953, 4.9828, 3038, 8015
3857.00, 256.88, 3.5371, 5.1630, 2928, 8107
4088.50, 488.38, 3.7598, 5.1875, 3101, 8533
3864.25, 264.12, 3.9964, 5.1953, 2981, 8351
3976.75, 376.62, 3.5400, 5.0973, 3180, 8182
3858.25, 258.12, 4.0270, 5.2392, 3017, 7527
3856.75, 256.62, 3.3833, 5.1888, 3129, 8357
3797.00, 196.88, 3.6717, 5.1475, 3065, 8322
3917.25, 317.12, 3.6580, 4.9443, 2959, 8382
3917.75, 317.62, 4.0812, 5.2326, 2935, 8081
