Tiempo, warmup, velocidad autos, velocidad buses, transportadas auto, transportadas buses
3863.50, 263.38, 0.8121, 5.0021, 2314, 8220
3872.75, 272.62, 0.6441, 5.1249, 2252, 7801
3922.00, 321.88, 0.5968, 5.2610, 2196, 8458
3873.50, 273.38, 0.8967, 5.1681, 2240, 8285
3983.50, 383.38, 0.6953, 5.1611, 2165, 7665
3924.50, 324.38, 0.6443, 5.2154, 2261, 8566
3861.25, 261.12, 0.7884, 5.0735, 2329, 8227
3980.75, 380.62, 0.7029, 4.9360, 2280, 9108
3930.75, 330.62, 0.6557, 5.2387, 2305, 8253
3860.50, 260.38, 0.7301, 5.1035, 2283, 7895
4227.00, 626.88, 0.6524, 5.0502, 2261, 7912
3922.25, 322.12, 0.5901, 5.2227, 2286, 8150
3924.75, 324.62, 0.6090, 5.1478, 2311, 8030
4093.50, 493.38, 0.5875, 5.1630, 2291, 8251
3861.50, 261.38, 0.9202, 5.1938, 2350, 8006
3864.25, 264.12, 0.6948, 5.1738, 2236, 8357
4042.50, 442.38, 0.5104, 5.1053, 2181, 8529
3920.75, 320.62, 0.6225, 5.1025, 2243, 8747
3920.50, 320.38, 0.6504, 5.0217, 2171, 8216
3928.25, 328.12, 0.7398, 5.0416, 2309, 7824
3926.50, 326.38, 0.7984, 5.1035, 2323, 8312
3980.75, 380.62, 0.7352, 5.2167, 2233, 7771
3866.75, 266.62, 0.7366, 5.2175, 2274, 8105
3813.00, 212.88, 0.7277, 5.0296, 2251, 8175
4048.00, 447.88, 0.7442, 5.2113, 2219, 8773
3864.25, 264.12, 0.8778, 5.1692, 2348, 8702
3871.75, 271.62, 1.0546, 5.3067, 2284, 8288
4097.50, 497.38, 0.7021, 5.1882, 2334, 8101
3980.50, 380.38, 0.6379, 5.2759, 2228, 8207
3923.50, 323.38, 0.5962, 5.3060, 2181, 7997
3980.50, 380.38, 0.8260, 5.0066, 2224, 7946
3926.00, 325.88, 0.5492, 4.9896, 2165, 8540
3874.25, 274.12, 0.7181, 5.3002, 2304, 8424
3980.75, 380.62, 0.6256, 5.0316, 2206, 8280
3873.25, 273.12, 0.8046, 5.2856, 2377, 8284
3930.50, 330.38, 0.7806, 5.2669, 2283, 8735
3867.75, 267.62, 0.7031, 5.2620, 2293, 8197
3872.75, 272.62, 0.7413, 5.2212, 2311, 7491
